[[0.3333333333333333, 0.3333333333333333, 0.3333333333333333], [0.3333333333333333, 0.3333333333333333, 0.3333333333333333]]
[[0.3279763857002296, 0.3440472285995408, 0.3279763857002296], [0.3440472285995408, 0.3279763857002296, 0.3279763857002296]]
[[0.3247807729782397, 0.3406950308541734, 0.3345241961675869], [0.3406950308541734, 0.3247807729782397, 0.3345241961675869]]
[[0.31944789181961036, 0.35152077960619094, 0.32903132857419864], [0.35152077960619094, 0.31944789181961036, 0.32903132857419864]]
[[0.31403872606674804, 0.3625013860845016, 0.32345988784875046], [0.3625013860845016, 0.31403872606674804, 0.32345988784875046]]
[[0.3248518814742063, 0.3567870929135839, 0.3183610256122098], [0.35661844619139843, 0.3089422739689712, 0.33443927983963034]]
[[0.32177862825090486, 0.35341171740905236, 0.32480965434004283], [0.35307597197749346, 0.30587339166406413, 0.34105063635844224]]
[[0.31840280973640056, 0.36019515329942486, 0.32140203696417446], [0.34986553524077973, 0.312184921590191, 0.33794954316902936]]
[[0.3117770748513914, 0.37350903484428793, 0.3147138903043208], [0.34302593325195957, 0.3060819466026191, 0.35089212014542137]]
[[0.30832224057642943, 0.38045124655246304, 0.31122651287110753], [0.33990477182536477, 0.31239584316708324, 0.347699385007552]]
[[0.3125612934218522, 0.3781195929503769, 0.3093191136277709], [0.34436186245620143, 0.3102864860224442, 0.34535165152135444]]
[[0.3057405112400002, 0.3916904057442761, 0.30256908301572377], [0.3374853462758645, 0.30409041649704893, 0.3584242372270866]]
[[0.2999829887692178, 0.40314572824607753, 0.2968712829847048], [0.34826297928754574, 0.2991435449177538, 0.3525934757947006]]
[[0.2973348831223585, 0.39958695151725127, 0.3030781653603902], [0.34461768090957917, 0.29601238385866374, 0.3593699352317571]]
[[0.29162493667026484, 0.4111171370103674, 0.2972579263193677], [0.3555008649753401, 0.29109684499617255, 0.3534022900284872]]
[[0.28807199663498184, 0.4182916452122282, 0.29363635815278993], [0.3524231866432795, 0.2972340336633115, 0.35034277969340905]]
[[0.2983799678948904, 0.41223522063456375, 0.2893848114705459], [0.34623680681142477, 0.2920164353301554, 0.3617467578584198]]
[[0.3088967475746969, 0.4060561111546613, 0.2850471412706418], [0.3411560253246822, 0.3024055959206172, 0.35643837875470064]]
[[0.3016695563278196, 0.4199524895021262, 0.2783779541700544], [0.3341293308232728, 0.2961770330921327, 0.36969363608459443]]
[[0.2991710773539998, 0.4164743710012187, 0.2843545516447814], [0.33046421530273945, 0.29292822210586933, 0.3766075625913913]]
[[0.30333949085541523, 0.4139972509295748, 0.28266325821500987], [0.3348603126000064, 0.29100488806618824, 0.3741347993338054]]
[[0.29961825681591225, 0.4211860721771274, 0.2791956710069603], [0.3319622336208949, 0.29714095063578444, 0.3708968157433206]]
[[0.29235328406315625, 0.4352208224598263, 0.2724258934770175], [0.3248534931749946, 0.29077788375652575, 0.3843686230684797]]
[[0.28503416855243024, 0.449360167778678, 0.26560566366889166], [0.31764990835925594, 0.2843299212374563, 0.39802017040328774]]
[[0.2952785232617695, 0.44292153148517494, 0.2617999452530556], [0.31133020754407825, 0.27867312742849504, 0.40999666502742654]]
[[0.29063710774904, 0.4359593493242505, 0.27340354292670954], [0.3061263471643723, 0.2907300504062007, 0.40314360242942693]]
[[0.2845583695490056, 0.44775638197500023, 0.26768524847599406], [0.31638076624946093, 0.286433493294815, 0.3971857404557241]]
[[0.2784491771391386, 0.4596125172381553, 0.2619383056227062], [0.32681689341672443, 0.282060801285276, 0.39112230529799974]]
[[0.27109778105850973, 0.4738794023610057, 0.25502281658048465], [0.31944530456439146, 0.2756987181117376, 0.404855977323871]]
[[0.26494571746425627, 0.4858187379110193, 0.24923554462472428], [0.32993373120672803, 0.27144976384003083, 0.39861650495324114]]
[[0.26297940302213707, 0.48221319784134287, 0.25480739913652006], [0.32603484509340486, 0.26824199326492215, 0.4057231616416729]]
[[0.2597364473601104, 0.4762667396690581, 0.26399681297083155], [0.3366326084459269, 0.26402402272870884, 0.39934336882536414]]
[[0.2694141951931555, 0.4700403228863506, 0.2605454819204939], [0.32991342282368, 0.2587541042094176, 0.4113324729669023]]
[[0.2733297010683045, 0.46752118600508435, 0.259149112926611], [0.33430585152522024, 0.25705796673601805, 0.4086361817387616]]
[[0.26599262695146797, 0.4818146803039334, 0.2521926927445986], [0.3264356401249382, 0.251006321121354, 0.4225580387537078]]
[[0.26196265779926337, 0.47451486030156, 0.26352248189917665], [0.3215128331647332, 0.26230150719270984, 0.4161856596425569]]
[[0.2548283862881599, 0.48882588345712574, 0.25634573025471435], [0.3138073091491583, 0.2560150689715663, 0.4301776218792755]]
[[0.24768497160926864, 0.5031552473901237, 0.24915978100060762], [0.3060398704330339, 0.24967811855434133, 0.44428201101262466]]
[[0.2458473137238579, 0.4994221698362264, 0.2547305164399156], [0.3020144823853607, 0.24639406503290945, 0.4515914525817297]]
[[0.242085650947654, 0.4917806066341404, 0.2661337424182056], [0.29754240868601506, 0.2575530705707197, 0.4449045207432652]]
[[0.23525958107723335, 0.5061108284999887, 0.2586295904227781], [0.28993188043162904, 0.2509653880644227, 0.45910273150394826]]
[[0.22956646349842041, 0.5180626015643509, 0.2523709349372286], [0.2998782732610872, 0.24744995022473554, 0.4526717765141772]]
[[0.22676228126083595, 0.5117344039560207, 0.26150331478314354], [0.3100169092154345, 0.24386656626958292, 0.44611652451498246]]
[[0.2212153104928468, 0.5236781671480807, 0.2551065223590726], [0.32034148518755573, 0.24021746395948473, 0.4394410508529594]]
[[0.2178256176097098, 0.5156538213092628, 0.26652056108102723], [0.3157152262180506, 0.2511899759030218, 0.4330947978789277]]
[[0.21139424873217846, 0.529954292363885, 0.2586514589039365], [0.30784888883315037, 0.24493134491512816, 0.44721976625172166]]
[[0.21980560771075366, 0.5243017393763586, 0.25589265291288765], [0.3009839835088822, 0.23946947529409038, 0.45954654119702726]]
[[0.21813106361422505, 0.5203074537363502, 0.26156148264942464], [0.2968909275429284, 0.23621294996975403, 0.46689612248731766]]
[[0.22673341026174948, 0.5145828816603438, 0.2586837080779067], [0.28998587034253726, 0.23071913463321622, 0.47929499502424644]]
[[0.22005252963751573, 0.5288860838961453, 0.2510613864663388], [0.28201104780113234, 0.2243741904694436, 0.4936147617294241]]
[[0.22347007711491754, 0.526568628720591, 0.2499612941644916], [0.2860379515088371, 0.2231157682378096, 0.49084628025335336]]
[[0.21999480621193734, 0.5339311458432715, 0.24607404794479115], [0.28413609422045444, 0.22828124691157503, 0.4875826588679705]]
[[0.21737379379349908, 0.5275699040124167, 0.2550563021940842], [0.29396597202414826, 0.22514660533529374, 0.4808874226405578]]
[[0.21398700075012958, 0.534930602533827, 0.2510823967160435], [0.29199373011073965, 0.2303451605666428, 0.4776611093226175]]
[[0.2074400063039828, 0.5491595358410388, 0.24340045785497852], [0.2839903135466121, 0.22403150351364196, 0.49197818293974593]]
[[0.2157370691769919, 0.5434105562906867, 0.2408523745323215], [0.27703915531463447, 0.2185479417314702, 0.5044129029538954]]
[[0.21014160404524376, 0.5552528897456931, 0.23460550620906315], [0.2867218481722844, 0.21562090548875587, 0.49765724633895964]]
[[0.21344735274445006, 0.5529290219139299, 0.2336236253416201], [0.29078877523447044, 0.214391490998128, 0.49481973376740157]]
[[0.20996448895894815, 0.5602239698207755, 0.22981154122027625], [0.28893044834600073, 0.2194120335376796, 0.4916575181163197]]
[[0.20762645612086542, 0.5539856671219885, 0.23838787675714615], [0.298856945621754, 0.21634905193747872, 0.4847940024407672]]
[[0.21592894474291413, 0.5481810062602169, 0.23589004899686886], [0.2955954045595439, 0.22490133684499003, 0.4795032585954662]]
[[0.2124353539599439, 0.5554911455932254, 0.23207350044683062], [0.2936143765852162, 0.23009591061335447, 0.47628971280142945]]
[[0.20680628014377006, 0.5672696613005047, 0.2259240585557253], [0.3036330801977984, 0.22683244848376238, 0.4695344713184392]]
[[0.20121331198418732, 0.5789726279819284, 0.2198140600338843], [0.31384175689972504, 0.22350710509620614, 0.46265113800406876]]
[[0.20932710152668293, 0.5730916310589828, 0.2175812674143344], [0.31030463705232486, 0.23225848495419935, 0.4574368779934758]]
[[0.20360944495030917, 0.5847524022891879, 0.21163815276050288], [0.3206343424284539, 0.22877990317799418, 0.4505857543935519]]
[[0.19681910860257465, 0.5986008308664247, 0.20458006053100067], [0.31233115621935703, 0.2228553907798567, 0.46481345300078625]]
[[0.19486569247959298, 0.5926597587695795, 0.21247454875082733], [0.32269675854064683, 0.21949617161954169, 0.45780706983981156]]
[[0.20278850019862896, 0.5868277761206194, 0.21038372368075164], [0.3153342830689044, 0.21448826516582162, 0.47017745176527403]]
[[0.2007193243340925, 0.5808400111842495, 0.21844066448165797], [0.3257523397934679, 0.21122455433878215, 0.4630231058677499]]
[[0.19941253016622812, 0.5770584204400795, 0.22352904939369236], [0.3212894072171057, 0.20833069655380412, 0.47037989622909016]]
[[0.19808420295861073, 0.5732145175538551, 0.22870127948753402], [0.31681865345700927, 0.20543176735153493, 0.47774957919145583]]
[[0.19535879575910645, 0.5653277555119164, 0.23931344872897725], [0.31289762758626516, 0.21526553996022, 0.47183683245351477]]
[[0.19009301766730552, 0.577044082761198, 0.23286289957149645], [0.3232731920107149, 0.21201493049081135, 0.46471187749847365]]
[[0.1838342694993299, 0.5909697629604875, 0.22519596754018248], [0.31464622166214634, 0.2063570331952712, 0.47899674514258245]]
[[0.19141519494457662, 0.5854805619980185, 0.2231042430574049], [0.30714307448070977, 0.20143618213972844, 0.4914207433795619]]
[[0.1850238507263064, 0.599321346237753, 0.2156548030359407], [0.2984887444015203, 0.1957603412858321, 0.5057509143126474]]
[[0.17870485432768782, 0.6130054575573917, 0.20828968811492063], [0.28984011705346807, 0.19008824050125034, 0.5200716424452815]]
[[0.17246717835442152, 0.6265134653183505, 0.20101935632722798], [0.2812113637598027, 0.18442917388208513, 0.5343594623581123]]
[[0.1673302793686058, 0.6376376839640533, 0.19503203666734098], [0.2909811869795043, 0.18192240021519945, 0.5270964128052963]]
[[0.16126344793316433, 0.6507757191017554, 0.1879608329650803], [0.28220498218612505, 0.17643548796027025, 0.5413595298536047]]
[[0.15530056361145625, 0.6636886514247139, 0.18101078496382972], [0.27347028329064677, 0.17097452532994603, 0.5555551913794071]]
[[0.15226879154403827, 0.6702541095843972, 0.17747709887156457], [0.272074747765045, 0.1752050928622192, 0.5527201593727358]]
[[0.14647638404077515, 0.6827978655993067, 0.1707257503599183], [0.2634824559281267, 0.1696720057177754, 0.566845538354098]]
[[0.14353619775683688, 0.6891649900399348, 0.16729881220322837], [0.26214808021119174, 0.17387710358191444, 0.5639748162068938]]
[[0.13792794616959328, 0.7013099469582768, 0.16076210687212988], [0.25370613193268127, 0.16827774342610788, 0.5780161246412109]]
[[0.13244762288227263, 0.7131778685712246, 0.1543745085465029], [0.24533933647567016, 0.1627282304975547, 0.5919324330267751]]
[[0.13183705446752336, 0.7098902000485902, 0.15827274548388656], [0.24105862394249905, 0.15988892724599185, 0.5990524488115091]]
[[0.13763532700411926, 0.7051489969459678, 0.15721567604991296], [0.23391221402689272, 0.15514886942777842, 0.6109389165453287]]
[[0.1330385393672119, 0.7149965228324572, 0.15196493780033085], [0.24259338033380523, 0.15339075089033022, 0.6040158687758647]]
[[0.12765350255059923, 0.7265326853964015, 0.14581381205299931], [0.23424558534036521, 0.14811247602330627, 0.6176419386363287]]
[[0.12240649567006043, 0.7377731516010697, 0.1398203527288698], [0.22600959797209305, 0.142904896636745, 0.6310855053911619]]
[[0.11730056445004566, 0.7487113967051134, 0.13398803884484092], [0.21789643244088955, 0.13777497696945457, 0.6443285905896559]]
[[0.112338142445559, 0.7593422073948465, 0.12831965015959454], [0.2099163800482957, 0.13272922416713223, 0.657354395784572]]
[[0.10752107051117754, 0.7696616400764958, 0.12281728941232668], [0.2020789676838433, 0.12777366204104984, 0.6701473702751068]]
[[0.11238835517789994, 0.7654641602531296, 0.1221474845689704], [0.19540065857175712, 0.12355099591565478, 0.6810483455125882]]
[[0.1075319555525144, 0.7755986600639263, 0.11686938438355919], [0.1878524011197499, 0.11877826519693627, 0.6933693336833138]]
[[0.10282657832673324, 0.7854180011978681, 0.11175542047539883], [0.18046960771242057, 0.11411015668193811, 0.7054202356056414]]
[[0.09827265662781297, 0.794921279790273, 0.10680606358191397], [0.17325861967022055, 0.10955067996030507, 0.7171907003694744]]
[[0.09795877888084635, 0.7923823426242478, 0.10965887849490595], [0.16960935216810097, 0.10724326381572778, 0.7231473840161714]]
[[0.09358368917224089, 0.8016550784268683, 0.1047612324008907], [0.1626689675075911, 0.10285488844836008, 0.7344761440440488]]
[[0.08935729895465212, 0.8106126547273949, 0.10003004631795306], [0.15591263496242894, 0.09858288844184224, 0.7455044765957289]]
[[0.0872358640932501, 0.8151089065307712, 0.09765522937597883], [0.15545288512944855, 0.10124095631802414, 0.7433061585525274]]
[[0.08323306724206411, 0.8235925903280664, 0.09317434242986948], [0.148921905527646, 0.0969875606989631, 0.754090533773391]]
[[0.08710818930076172, 0.8201113109536466, 0.09278049974559154], [0.14340668280645236, 0.09339569154751197, 0.7631976256460357]]
[[0.08308785329180139, 0.8284137791829044, 0.08849836752529437], [0.13722751184486676, 0.08937141643108325, 0.77340107172405]]
[[0.07921605659563628, 0.8364094962046684, 0.08437444719969545], [0.13123898970286432, 0.08547130413607422, 0.7832897061610615]]
[[0.07727700009412812, 0.8404138766750134, 0.08230912323085832], [0.13090333533924808, 0.08781028547168167, 0.7812863791890703]]
[[0.07362628361812773, 0.8479530369562603, 0.07842067942561187], [0.12513511982335357, 0.08394095204484256, 0.7909239281318038]]
[[0.0701183182068135, 0.8551973994453307, 0.07468428234785586], [0.11955609311044814, 0.0801985269412747, 0.800245379948277]]
[[0.06675032085897979, 0.8621527113680881, 0.07109696777293212], [0.11416581386970925, 0.07658271411515608, 0.8092514720151348]]
[[0.06351928476738443, 0.8688251821362695, 0.0676555330963461], [0.10896327129589384, 0.07309283551579591, 0.8179438931883103]]
[[0.06042201104696235, 0.8752214178249796, 0.06435657112805805], [0.10394692871782855, 0.06972786034031928, 0.8263252109418522]]
[[0.0574551389259865, 0.8813483588243818, 0.061196502249631766], [0.09911476786164565, 0.0664864347255566, 0.8343987974127977]]
[[0.06020892608834929, 0.8787733664857312, 0.061017707425919596], [0.0987798244258522, 0.069641103274539, 0.8315790722996088]]
[[0.057241110261559335, 0.8847488645546419, 0.05801002518379894], [0.09416003506408124, 0.06638408971008174, 0.839455875225837]]
[[0.054862665875892634, 0.8895377027653116, 0.05559963135879573], [0.09832024274450894, 0.0660792106910934, 0.8356005465643975]]
[[0.05212690393932764, 0.8950459758937777, 0.052827120166894705], [0.09370075502011878, 0.06297453871201669, 0.8433247062678644]]
[[0.049512274004621624, 0.9003103578627392, 0.0501773681326392], [0.08925954311914781, 0.059989682605724765, 0.8507507742751274]]
[[0.0470149208138368, 0.9053386109754208, 0.047646468210742365], [0.08499336121528121, 0.05712246091258187, 0.857884177872137]]
[[0.044630959112596374, 0.910138557930865, 0.045230482956538774], [0.08089866197046729, 0.05437048953250886, 0.864730848497024]]
[[0.04235649275569159, 0.914718043356073, 0.042925463888235406], [0.0769716367916761, 0.05173120878080359, 0.8712971544275202]]
[[0.040187631982155546, 0.9190848990238044, 0.040727468994040075], [0.07320825431540462, 0.04920190925286279, 0.8775898364317325]]
[[0.038120508920719554, 0.9232469126333793, 0.03863257844590124], [0.06960429692571934, 0.046779756367280774, 0.8836159467069998]]
[[0.03615129139860284, 0.9272118000076073, 0.03663690859379001], [0.06615539516037892, 0.044461813489566085, 0.8893827913500549]]
[[0.034276195135833645, 0.9309871805403398, 0.0347366243238265], [0.06285705990415562, 0.04224506356867542, 0.894897876527169]]
[[0.03249149441404527, 0.9345805557155659, 0.03292794987038889], [0.059704712308601283, 0.04012642924553315, 0.9001688584458655]]
[[0.030793531313223026, 0.9379992905098401, 0.03120717817693683], [0.05669371141305984, 0.03810279141660126, 0.9052034971703388]]
[[0.029178723612480178, 0.9412505974846022, 0.0295706789029178], [0.053819379472719496, 0.03617100625639327, 0.9100096142708872]]
[[0.027643571451884213, 0.9443415233730347, 0.02801490517508114], [0.05107702502603856, 0.034327920720663076, 0.9145950542532983]]
[[0.026184662851896624, 0.9472789379670435, 0.026536399181059992], [0.048461963756162046, 0.0325703865669759, 0.9189676496768621]]
[[0.024798678185365845, 0.9500695251131979, 0.02513179670143612], [0.045969537219231714, 0.030895272941657982, 0.9231351898391104]]
[[0.02348239369444358, 0.9527197756316578, 0.023797830673898686], [0.04359512952708119, 0.029299477591926405, 0.9271053928809924]]
[[0.0222326841414733, 0.9552359819787849, 0.0225313338797419], [0.041334182083030545, 0.02777993676954316, 0.9308858811474263]]
[[0.021046524679003, 0.9576242344819995, 0.0213292408389975], [0.03918220647769544, 0.02633363389784919, 0.9344841596244554]]
[[0.019920992019753715, 0.9598904189841269, 0.020188588996119347], [0.03713479565725243, 0.024957607077748262, 0.9379075972649994]]
[[0.0188532649827657, 0.9620402157437685, 0.019106519273465954], [0.03518763347979438, 0.023648955510356107, 0.9411634110098495]]
[[0.017840624487158556, 0.9640790994478647, 0.01808027606497678], [0.03333650277659706, 0.022404844914828116, 0.9442586523085748]]
[[0.01688045306007712, 0.9660123402024146, 0.017107206737508412], [0.031577292034608025, 0.021222512019536108, 0.9472001959458559]]
[[0.015970233920531138, 0.9678450053771014, 0.016184760702367514], [0.029906000814549624, 0.020099268203474827, 0.9499947309819755]]
[[0.015107549696040015, 0.9695819621892435, 0.015310488114716404], [0.02831874401596138, 0.019032502362717783, 0.952648753621321]]
[[0.01429008082431648, 0.9712278809218969, 0.014482038253786642], [0.02681175509652993, 0.018019683074069155, 0.9551685618294009]]
[[0.013515603687706016, 0.9727872386800354, 0.013697157632258572], [0.025381388348378633, 0.017058360124915812, 0.9575602515267057]]
[[0.01278198852377398, 0.9742643235974444, 0.012953687878781522], [0.024024120328798273, 0.016146165474794867, 0.959829714196407]]
[[0.012087197151321531, 0.9756632394152351, 0.012249563433443503], [0.022736550537357327, 0.015280813710466913, 0.9619826357521758]]
[[0.011429280547230634, 0.9769879103607033, 0.011582809092066186], [0.021515401425571706, 0.014460102052414889, 0.9640244965220134]]
[[0.010806376305896167, 0.978242086262594, 0.010951537431509768], [0.02035751781945762, 0.01368190996675256, 0.96596057221379]]
[[0.010216706009603754, 0.979429347845669, 0.010353946144727323], [0.01925986582943336, 0.012944198432589758, 0.9677959357379768]]
[[0.009658572535055136, 0.980553112153836, 0.009788315311108959], [0.018219531316256837, 0.012245008911017439, 0.9695354597727257]]
[[0.009130357318325084, 0.9816166380569759, 0.009253004624699126], [0.01723371797604825, 0.011582462058086974, 0.9711838199658648]]
[[0.008630517597848669, 0.9826230318020023, 0.008746450600149185], [0.0162997451020029, 0.010954756220498858, 0.9727454986774982]]
[[0.008157583652577115, 0.9835752525736493, 0.008267163773773626], [0.015415045075183941, 0.010360165749211085, 0.9742247891756048]]
[[0.007710156050194433, 0.9844761180350032, 0.007813725914802247], [0.014577160631827974, 0.009797039162845932, 0.9756258002053262]]
[[0.007286902918244791, 0.9853283098219043, 0.007384787259850803], [0.013783741949915105, 0.009263797189627776, 0.9769524608604572]]
[[0.0068865572491705876, 0.9861343789690716, 0.006979063781757897], [0.013032543593361565, 0.008758930713631643, 0.9782085256930069]]
[[0.006507914248591387, 0.9868967512491651, 0.006595334502243564], [0.012321421348091395, 0.008280998648365711, 0.9793975800035429]]
[[0.006149828734652326, 0.9876177324090244, 0.006232438856323355], [0.011648328980434552, 0.007828625758150819, 0.9805230452614145]]
[[0.005865955951028779, 0.9881892912150144, 0.0059447528339567355], [0.012212126807816042, 0.007824159977069804, 0.979963713215114]]
[[0.005542793527782138, 0.9888399570746085, 0.00561724939760944], [0.01154464041516625, 0.007396509625841329, 0.9810588499589925]]
[[0.00523724452533639, 0.9894551594930304, 0.005307595981633234], [0.010912970692982337, 0.006991806576420404, 0.9820952227305974]]
[[0.004948369340414335, 0.9900367902984449, 0.005014840361140724], [0.010315266811814917, 0.0066088650250621, 0.983075868163123]]
[[0.004675276303257258, 0.9905866448080928, 0.00473807888864984], [0.00974976599149294, 0.006246555580115006, 0.9840036784283922]]
[[0.0044171194695111085, 0.9911064262741804, 0.004476454256308616], [0.009214790135524157, 0.005903803105722859, 0.984881406758753]]
[[0.0041730964874848115, 0.9915977501780106, 0.004229153334504561], [0.008708742500206663, 0.005579584587765132, 0.9857116729120282]]
[[0.003942446541368353, 0.9920621483711775, 0.00399540508745417], [0.008230104410963543, 0.00527292703005288, 0.9864969685589835]]
[[0.003724448370503914, 0.9925010730636289, 0.0037744785658671005], [0.007777432036462085, 0.004982905387546462, 0.9872396625759914]]
[[0.0035184183643781224, 0.9929159006592733, 0.003565680976348615], [0.007349353229327948, 0.004708640542239826, 0.9879420062284322]]
[[0.003323708732640019, 0.9933079354405243, 0.0033683558268355574], [0.006944564440698309, 0.004449297326352519, 0.9886061382329493]]
[[0.003139705749141368, 0.9936784131038096, 0.003181881147049007], [0.006561827714462188, 0.004204082596576313, 0.9892340896889615]]
[[0.0029658280687373502, 0.994028504148578, 0.0030056677826847005], [0.006199967765797135, 0.003972243362329451, 0.9898277888718735]]
[[0.0028015251153710977, 0.9943593171227842, 0.0028391577618448426], [0.0058578691475157435, 0.003753064970269598, 0.9903890658822146]]
[[0.002646275539789909, 0.9946719017281733, 0.002681822732036958], [0.0055344735067710165, 0.0035458693466985844, 0.9909196571465305]]
[[0.002499585745099854, 0.9949672517889779, 0.002533162465922396], [0.005228776933823946, 0.003350013298950288, 0.9914212097672258]]
[[0.002360988478254697, 0.9952463080878605, 0.002392703433884847], [0.0049398274038393595, 0.003164886876380586, 0.99189528571978]]
[[0.0022300414854909563, 0.9955099610731051, 0.002259997441403973], [0.004666722312036116, 0.002989911791168295, 0.9923433658967956]]
[[0.0021063262296600826, 0.9957590534411823, 0.002134620329157625], [0.00440860610196597, 0.002824539898782505, 0.9927668539992515]]
[[0.001989446667368234, 0.9959943825988966, 0.002016170733735036], [0.004164667986222588, 0.0026682517376687806, 0.9931670802761087]]
[[0.0018790280838111668, 0.9962167030093688, 0.0019042689068201506], [0.0039341397584802375, 0.0025205551274491643, 0.9935453051140706]]
[[0.001774715983183978, 0.9964267284261197, 0.0017985555906963387], [0.003716293695422998, 0.002380983824713937, 0.993902722479863]]
[[0.0016761750325506907, 0.9966251340195202, 0.0016986909479290693], [0.003510440546842955, 0.0022490962353021618, 0.994240463217855]]
[[0.0015830880570749182, 0.9968125583998255, 0.0016043535430995963], [0.003315927611953528, 0.00212447418181921, 0.9945595982062273]]
[[0.0014951550845385395, 0.9969896055409727, 0.0015152393744887328], [0.0031321368997760082, 0.0020067217250189628, 0.994861141375205]]
[[0.001412092437108772, 0.9971568466092474, 0.0014310609536437111], [0.002958483371308364, 0.0018954640375829055, 0.9951460525911088]]
[[0.0013336318683540274, 0.9973148217008443, 0.0013515464308016462], [0.0027944132610706633, 0.001790346328754854, 0.9954152404101744]]
[[0.0012595197435542114, 0.9974640414922568, 0.001276438764189013], [0.002639402475536846, 0.0016910328182358177, 0.9956695647062273]]
[[0.00118951626140068, 0.9976049888073324, 0.001205494931266766], [0.0024929550659040923, 0.0015972057577060515, 0.9959098391763898]]
[[0.0011233947152339658, 0.9977381201047217, 0.0011384851800443352], [0.0023546017726153922, 0.0015085644983185039, 0.9961368337290661]]
[[0.0010609407920228247, 0.997863866889335, 0.0010751923186419182], [0.0022238986390348612, 0.0014248246024975823, 0.9963512767584676]]
[[0.0010019519073454723, 0.9979826370513161, 0.0010154110413385766], [0.0021004256916762254, 0.0013457169983777187, 0.996553857309946]]
[[0.0009462365746924025, 0.9980948161359048, 0.0009589472894029539], [0.001983785684400176, 0.0012709871752260048, 0.9967452271403737]]
[[0.0008936138074694988, 0.998200768547467, 0.0009056176450635452], [0.0018736029040237947, 0.0012003944182107896, 0.9969260026777654]]
[[0.0008439125521396712, 0.9983008386908245, 0.0008552487570357751], [0.0017695220348230396, 0.0011337110809023377, 0.9970967668842745]]
[[0.0007969711510007417, 0.9983953520529159, 0.0008076767960834243], [0.001671207079455602, 0.0010707218939213293, 0.9972580710266232]]
[[0.0007526368331563229, 0.9984846162276919, 0.0007627469391517635], [0.0015783403338847876, 0.0010112233081851537, 0.99741043635793]]
[[0.0007107652322947691, 0.9985689218870364, 0.0007203128806688708], [0.0014906214139441252, 0.0009550228712397845, 0.9975543557148162]]
[[0.0006712199299486898, 0.9986485437003816, 0.0006802363696697896], [0.0014077663312459068, 0.0009019386352057057, 0.9976902950335484]]
[[0.000633872022963802, 0.9987237412055808, 0.0006423867714552266], [0.0013295066162039048, 0.0008517985949093158, 0.9978186947888869]]
[[0.0005985997139609157, 0.998794759633487, 0.0006066406525522487], [0.0012555884860100568, 0.0008044401548157864, 0.9979399713591741]]
[[0.0005652879236284675, 0.9988618306885729, 0.0005728813877987751], [0.0011857720554763055, 0.0007597096234251006, 0.9980545183210986]]
[[0.0005338279237351556, 0.9989251732878384, 0.0005409987884265032], [0.0011198305887252522, 0.0007174617338394258, 0.9981627076774352]]
[[0.0005041169898027862, 0.9989849942601291, 0.0005108887500681385], [0.0010575497897863204, 0.0006775591892567703, 0.998264891020957]]