[[0.3333333333333333, 0.3333333333333333, 0.3333333333333333], [0.3333333333333333, 0.3333333333333333, 0.3333333333333333]]
[[0.3279763857002296, 0.3279763857002296, 0.3440472285995408], [0.3440472285995408, 0.3279763857002296, 0.3279763857002296]]
[[0.32278889606197547, 0.3386055519690122, 0.3386055519690122], [0.3549221536181932, 0.3225389231909034, 0.3225389231909034]]
[[0.3337567481740235, 0.3331216259129882, 0.3331216259129882], [0.34917834956579624, 0.3335024644594579, 0.3173191859747459]]
[[0.32732347501051895, 0.3459759300455854, 0.32670059494389564], [0.34276123138511355, 0.32737343403518754, 0.32986533457969897]]
[[0.3383684199563057, 0.34029521285394476, 0.3213363671897496], [0.3370903164737273, 0.3219571071035808, 0.34095257642269206]]
[[0.34281582735864463, 0.3380077896198132, 0.3191763830215423], [0.34152959640843256, 0.3198010702241707, 0.3386693333673968]]
[[0.33611290924908444, 0.3509514148005225, 0.3129356759503929], [0.33483901377909675, 0.31353615055751305, 0.35162483566339026]]
[[0.3310368406124885, 0.3456512510144368, 0.3233119083730748], [0.34557621785563025, 0.3084749673197025, 0.3459488148246672]]
[[0.327639371849646, 0.35236690668155285, 0.319993721468801], [0.34240749364328127, 0.3148158322325042, 0.34277667412421453]]
[[0.3386896092222808, 0.3465757615756834, 0.31473462920203565], [0.33652450339155443, 0.3094069013343897, 0.35406859527405593]]
[[0.331902869329565, 0.35966922598979656, 0.3084279046806385], [0.3296383428759321, 0.30307563699625945, 0.36728602012780853]]
[[0.3288599814789391, 0.35637177598516384, 0.3147682425358971], [0.3260457811557276, 0.29977256878429126, 0.37418165005998116]]
[[0.3399305728774345, 0.35049335090393907, 0.30957607621862654], [0.32113612332419317, 0.3103167232871874, 0.3685471533886195]]
[[0.3511788345512012, 0.344520583852647, 0.30430058159615175], [0.31521143911551397, 0.30459164766779767, 0.38019691321668836]]
[[0.34758631534217493, 0.3512260631183326, 0.3011876215394925], [0.31235719731379286, 0.31088857519702096, 0.37675422748918613]]
[[0.358950143380439, 0.34510836099513664, 0.29594149562442423], [0.30646856756425117, 0.3050276322495188, 0.38850380018623004]]
[[0.3704745246225069, 0.3389042252623781, 0.29062125011511486], [0.30051426983632934, 0.2991013300773526, 0.40038440008631804]]
[[0.3672724096180275, 0.335974981191143, 0.2967526091908295], [0.2969474757285279, 0.2955513061056574, 0.4075012181658147]]
[[0.37890605379926345, 0.32979757808056326, 0.29129636812017323], [0.29253801609860935, 0.30601187011434333, 0.40145011378704737]]
[[0.39068066776694493, 0.3235453207640512, 0.28577401146900383], [0.28666877232390936, 0.29987229793973924, 0.41345892973635134]]
[[0.38735974730091094, 0.3207950739101274, 0.29184517878896166], [0.2831565640266015, 0.2961983226950039, 0.4206451132783946]]
[[0.399228202692038, 0.31458042835325817, 0.2861913689547039], [0.2772096136896324, 0.2899774649126102, 0.4328129213977573]]
[[0.3919534505149438, 0.32707017103034663, 0.28097637845470946], [0.27030706270996163, 0.28275699298209495, 0.44693594430794337]]
[[0.3966828949366294, 0.3245261878481558, 0.27879091721521493], [0.2742306742031842, 0.2812365882601117, 0.4445327375367041]]
[[0.3900496152469862, 0.3190995032139358, 0.29085088153907784], [0.26960547582711464, 0.29335931440815166, 0.4370352097647338]]
[[0.4019464143666285, 0.3128756155276431, 0.28517797010572843], [0.26372731165759533, 0.28696324917446725, 0.4493094391679374]]
[[0.39853679692385297, 0.3102215648432921, 0.2912416382328549], [0.260219736146345, 0.2831466354945766, 0.45663362835907845]]
[[0.3925694056526262, 0.32054979010330764, 0.28688080424406626], [0.2695337412648269, 0.2795817536761031, 0.4508845050590701]]
[[0.39730142607172036, 0.3180526354222285, 0.28464593850605113], [0.2734503342572737, 0.27808270026443704, 0.448466965478289]]
[[0.38998334741811075, 0.33061373921927617, 0.27940291336261314], [0.26640147095973804, 0.27091442619778555, 0.46268410284247635]]
[[0.40187945704467476, 0.3241663459077095, 0.27395419704761576], [0.2602601412322025, 0.26466905970925686, 0.4750707990585406]]
[[0.4066485720387894, 0.3215816050907212, 0.27176982287048934], [0.26409069840753346, 0.2632985374185612, 0.4726107641739055]]
[[0.3990767630243308, 0.3342137766298817, 0.2667094603457876], [0.25692654948704485, 0.25615587793078726, 0.48691757258216795]]
[[0.39135969276881327, 0.34708828984875745, 0.26155201738242934], [0.24975164992634383, 0.2490025000501986, 0.5012458500234578]]
[[0.3883127730934743, 0.34438604391244776, 0.26730118299407785], [0.2460516784449881, 0.2453136269266628, 0.5086346946283492]]
[[0.40019135437734027, 0.3376982835086031, 0.26211036211405664], [0.23983038954070957, 0.23911099927172327, 0.521058611187567]]
[[0.4121884465634497, 0.3309438002781423, 0.25686775315840793], [0.233622117909381, 0.2329213498433914, 0.5334565322472274]]
[[0.40429432327666226, 0.3437573863221674, 0.2519482904011702], [0.22649347684990012, 0.22581409170798075, 0.5476924314421192]]
[[0.4163290409032986, 0.3368126429058996, 0.24685831619080187], [0.220338901466929, 0.21967797746185194, 0.5599831210712191]]
[[0.4284643326118314, 0.3298098622996645, 0.24172580508850408], [0.21789766819574138, 0.22832351427345504, 0.5537788175308035]]
[[0.4216501776474335, 0.34046834447964697, 0.23788147787291958], [0.2261599474035856, 0.2259114608273395, 0.5479285917690749]]
[[0.4133470147919462, 0.35345588494432467, 0.23319710026372903], [0.21907765175979327, 0.2188369466471383, 0.5620854015930685]]
[[0.4181570755102592, 0.3505578441762814, 0.23128508031345937], [0.22248437769461762, 0.2178822838649544, 0.5596333384404281]]
[[0.42298275240571925, 0.3476503947290834, 0.2293668528651973], [0.22592875288871464, 0.21691707067534352, 0.5571541764359419]]
[[0.43516738947048367, 0.3403092036245596, 0.22452340690495678], [0.21968639409784846, 0.21092370256390996, 0.5693899033382417]]
[[0.43225584283584134, 0.3380323185901443, 0.22971183857401428], [0.2159968021489398, 0.20738127838234144, 0.5766219194687187]]
[[0.4371219890168669, 0.3351350370322207, 0.22774297395091245], [0.21936907780598952, 0.2064892579942442, 0.5741416641997663]]
[[0.42864637824588436, 0.3480264878925461, 0.22332713386156966], [0.21218156352238768, 0.19972374433986964, 0.5880946921377428]]
[[0.43350291670669494, 0.3450682428417106, 0.22142884045159442], [0.21551064707180703, 0.19887977192068745, 0.5856095810075055]]
[[0.4457564917536135, 0.3376042686489609, 0.2166392395974256], [0.20926084415324814, 0.193112263930337, 0.5976268919164147]]
[[0.4399426524108432, 0.3332010193061708, 0.22685632828298607], [0.20682448315833357, 0.2025066148677508, 0.5906689019739156]]
[[0.45223294309858414, 0.32588902277161497, 0.2218780341298009], [0.20077627573933204, 0.1965846756865835, 0.6026390485740845]]
[[0.4645817650712778, 0.3185422035820373, 0.21687603134668482], [0.19478950003179163, 0.19072288570895124, 0.6144876142592571]]
[[0.4560114896890063, 0.3311132543976065, 0.21287525591338716], [0.18797452693453817, 0.1840501885927057, 0.6279752844727563]]
[[0.448731030881768, 0.34179237654294337, 0.2094765925752886], [0.19538563020535524, 0.18237041991559183, 0.6222439498790528]]
[[0.4536344543723238, 0.33875220402840067, 0.20761334159927558], [0.19851759310873432, 0.18166054272312374, 0.6198218641681418]]
[[0.4447455997947421, 0.35170919052156896, 0.203545209683689], [0.1915140229637965, 0.1752516782310381, 0.6332342988051655]]
[[0.4357043672072097, 0.3648882933514998, 0.1994073394412906], [0.18461659492184182, 0.16893994282324037, 0.6464434622549178]]
[[0.4331133875585262, 0.36271843182778696, 0.204168180613687], [0.18110438259834935, 0.1657259687524636, 0.6531696486491871]]
[[0.4453646082411372, 0.3548795740095815, 0.1997558177492813], [0.17526598314613198, 0.16038333490064538, 0.6643506819532228]]
[[0.441047618682063, 0.3514396701928449, 0.20751271112509206], [0.1822885164933788, 0.15901768574023004, 0.6586937977663911]]
[[0.45334379106077394, 0.34370848787778024, 0.20294772106144587], [0.18082206725344305, 0.16578310299892188, 0.653394829747635]]
[[0.45060034168712654, 0.34162850607505346, 0.20777115223781994], [0.17734576311258077, 0.16259592293736233, 0.6600583139500568]]
[[0.4478090873850697, 0.3395122803444717, 0.21267863227045866], [0.1739021954156331, 0.1594387566309586, 0.6666590479534082]]
[[0.46013858461960105, 0.3319315403758013, 0.20792987500459775], [0.1681840046076055, 0.15419614752857497, 0.6776198478638195]]
[[0.472517062485818, 0.3243206848699563, 0.20316225264422572], [0.16256595094528895, 0.14904534716941384, 0.6883887018852972]]
[[0.46364524757621156, 0.3370070030963236, 0.19934774932746482], [0.15622104365962022, 0.14322814557429936, 0.7005508107660804]]
[[0.45460612613489254, 0.3499325625517158, 0.19546131131339162], [0.15002032874647095, 0.13754314387772681, 0.7124365273758023]]
[[0.45195592917770444, 0.3478925763764736, 0.20015149444582192], [0.14688102649291088, 0.13466493726969575, 0.7184540362373935]]
[[0.4428658151419944, 0.3610083039542841, 0.1961258809037216], [0.14090810277735324, 0.12918878138572887, 0.7299031158369178]]
[[0.45517139922415295, 0.3530346089999902, 0.19179399177585685], [0.1358510398174777, 0.12455231415424878, 0.7395966460282737]]
[[0.4458840614126251, 0.36623532009217663, 0.18788061849519827], [0.13017087711415082, 0.11934457036058663, 0.7504845525252626]]
[[0.4410383468091282, 0.37312285662999417, 0.18583879656087773], [0.12970648417534417, 0.12248636499324975, 0.7478071508314061]]
[[0.45333447034344854, 0.3649148432315612, 0.18175068642499034], [0.12494144670403862, 0.11798657361714682, 0.7570719796788146]]
[[0.458246382131708, 0.3616360019237765, 0.18011761594451572], [0.12712261796217939, 0.11769248024219389, 0.7551849017956267]]
[[0.47061833109341555, 0.35337737288845594, 0.17600429601812848], [0.12240813828962438, 0.11332772741843217, 0.7642641342919434]]
[[0.4830264888561507, 0.34509457344502725, 0.17187893769882212], [0.11781596976266645, 0.10907621252445307, 0.7731078177128804]]
[[0.49545561236183067, 0.33679777876980704, 0.16774660886836237], [0.11334687273789096, 0.10493863951250235, 0.7817144877496066]]
[[0.5078903551199444, 0.32849723308321016, 0.16361241179684544], [0.1090012712201974, 0.10091540093418924, 0.7900833278456134]]
[[0.5203153428734769, 0.3202031991405854, 0.1594814579859377], [0.10477926918227451, 0.09700659304935969, 0.7982141377683658]]
[[0.5327152495559654, 0.31192590752871235, 0.15535884291532215], [0.10426344287227012, 0.10145201207834119, 0.7942845450493888]]
[[0.5450748727434489, 0.3036755062994722, 0.15124962095707903], [0.10020431518830245, 0.097502337489848, 0.8022933473218494]]
[[0.5426127734541066, 0.302303806216349, 0.15508342032954422], [0.0978492022676987, 0.09521072944502587, 0.8069400682872754]]
[[0.5549293261235999, 0.2941633498691748, 0.15090732400722526], [0.09398149320780938, 0.09144731193789346, 0.8145711948542972]]
[[0.5524283615511785, 0.2928376096678653, 0.15473402878095632], [0.0917396391826734, 0.08926590879820812, 0.8189944520191184]]
[[0.5646926441487466, 0.2848133228461842, 0.15049403300506914], [0.09132388160904603, 0.09339329145799638, 0.8152828269329575]]
[[0.5768782644622648, 0.27684050326070264, 0.14628123227703255], [0.08767826964468413, 0.08966506949971417, 0.8226566608556016]]
[[0.5676072013293108, 0.2884624654015622, 0.1439303332691269], [0.08361964445291752, 0.085514475385941, 0.8308658801611415]]
[[0.565166861686654, 0.2872222655096487, 0.14761087280369725], [0.08158603292135576, 0.08343478197899018, 0.834979185099654]]
[[0.5557490746975718, 0.29909979996727304, 0.145151125335155], [0.07775550352986724, 0.07951745234303358, 0.8427270441270991]]
[[0.5461118990710303, 0.3112540232164424, 0.14263407771252737], [0.07407255000403183, 0.07575104265912314, 0.8501764073368451]]
[[0.5584109089833422, 0.30281997017792683, 0.13876912083873086], [0.07099430803112519, 0.07260304736272707, 0.8564026446061477]]
[[0.548609248640889, 0.31505741350133676, 0.13633333785777432], [0.06757965948400767, 0.0691110224797639, 0.8633093180362285]]
[[0.538597588023839, 0.32755704367559557, 0.13384536830056562], [0.06430430371345393, 0.06576144676398908, 0.8699342495225569]]
[[0.5300894951756017, 0.33817945869335075, 0.1317310461310476], [0.06724333683364478, 0.06555488915039946, 0.8672017740159558]]
[[0.5280028640862136, 0.3368482574929417, 0.13514887842084455], [0.06553828921348756, 0.06389265445178419, 0.8705690563347283]]
[[0.5177137956788985, 0.3497709405069704, 0.13251526381413115], [0.06233646553300334, 0.060771227016192565, 0.8768923074508042]]
[[0.5301202211147111, 0.340773363852, 0.1291064150332888], [0.06214386103997027, 0.0636732151240495, 0.8741829238359802]]
[[0.5280748854548055, 0.33945857546010116, 0.13246653908509315], [0.0605557567843451, 0.06204602778461461, 0.8773982154310402]]
[[0.525984624569943, 0.33811490810939143, 0.1359004673206655], [0.05900269110783578, 0.06045474132015514, 0.880542567572009]]
[[0.5383680025463206, 0.32928185136989646, 0.13235014608378307], [0.05646689439499316, 0.05785653890875629, 0.8856765666962505]]
[[0.5281081139153827, 0.34206398826351975, 0.1298278978210975], [0.0536627517338041, 0.054983386582582436, 0.8913538616836135]]
[[0.5404844814792263, 0.33309263322660687, 0.12642288529416693], [0.05132936760227094, 0.052592578105481326, 0.8960780542922477]]
[[0.5528111128234787, 0.32415733087492987, 0.12303155630159127], [0.049086132300134866, 0.050294137011277294, 0.9006197306885877]]
[[0.5424368547266913, 0.336840444726449, 0.12072270054685955], [0.04660946545103397, 0.04775651964353804, 0.9056340149054279]]
[[0.5547542574357194, 0.3277728450973192, 0.11747289746696148], [0.04455173935145995, 0.04564815311445682, 0.9098001075340832]]
[[0.5528060655280725, 0.3266217689301589, 0.12057216554176861], [0.04336805161088612, 0.044435334939274866, 0.912196613449839]]
[[0.5423545227060547, 0.33935289084850856, 0.11829258644543682], [0.041153202695149445, 0.04216597881754528, 0.9166808184873053]]
[[0.5546723221934282, 0.33021900649407493, 0.11510867131249694], [0.039315189223494265, 0.04028273202175434, 0.9204020787547513]]
[[0.5669233202240447, 0.3211346566998808, 0.11194202307607447], [0.03755245784985889, 0.038476620008739804, 0.9239709221414012]]
[[0.5563815889999641, 0.33375790878904327, 0.10986050221099267], [0.03561114193061852, 0.036487528502661196, 0.9279013295667202]]
[[0.5456370586641683, 0.34662400375251384, 0.10773893758331794], [0.03376275985482938, 0.03459365793244573, 0.9316435822127249]]
[[0.5579385200726393, 0.3372394756198384, 0.10482200430752232], [0.033703297916504116, 0.036293902006616884, 0.9300028000768791]]
[[0.5701692945639505, 0.32790887306077343, 0.1019218323752761], [0.032177131952954866, 0.03465042729194315, 0.9331724407551021]]
[[0.5823150037079261, 0.3186431650795702, 0.0990418312125036], [0.03071533408580448, 0.033076268327580864, 0.9362083975866147]]
[[0.59436167706563, 0.30945300943247994, 0.09618531350189005], [0.029315612436107478, 0.03156895706930289, 0.9391154304945896]]
[[0.6062958137659202, 0.30034870565228483, 0.09335548058179503], [0.027975718558268067, 0.030126072244736332, 0.9418982091969955]]
[[0.6181044394290868, 0.29134015162244337, 0.09055540894846978], [0.026693450389205134, 0.028745242529215086, 0.9445613070815798]]
[[0.6094047794674619, 0.3013143555207942, 0.08928086501174408], [0.027964852017168057, 0.02870769346703889, 0.943327454515793]]
[[0.6211784192432689, 0.29223189241142855, 0.08658968834530258], [0.027923968747673295, 0.030127676133201258, 0.9419483551191254]]
[[0.6328110031550751, 0.2832582431188216, 0.08393075372610324], [0.026644007515948406, 0.028746702755064458, 0.9446092897289871]]
[[0.6442909304256588, 0.27440235675583596, 0.08130671281850534], [0.025419424848522804, 0.027425478313943267, 0.947155096837534]]
[[0.6556072749961124, 0.2656726619417299, 0.07872006306215765], [0.024248121522209475, 0.02616173791988307, 0.9495901405579074]]
[[0.6667498184117084, 0.2570770414332268, 0.07617314015506475], [0.02312805089795546, 0.024953273416904807, 0.9519186756851398]]
[[0.6777090765603442, 0.24862281149784768, 0.07366811194180813], [0.02205722022480517, 0.02379793478987465, 0.9541448449853202]]
[[0.6679116502929916, 0.2594852344134202, 0.07260311529358826], [0.020881694704737313, 0.022529638994425866, 0.9565886663008369]]
[[0.6788511038433029, 0.2509374287726571, 0.07021146738403997], [0.019910348028178416, 0.021481635454926623, 0.9586080165168949]]
[[0.6689471352708308, 0.2618657341436729, 0.0691871305854963], [0.01884454087888758, 0.020331716798863086, 0.9608237423222492]]
[[0.6798688276347276, 0.253226579212019, 0.0669045931532535], [0.01796425620144088, 0.019381961701126715, 0.9626537820974325]]
[[0.690596858731678, 0.2447406120495922, 0.06466252921872996], [0.017123568723511503, 0.018474928739832325, 0.9644015025366561]]
[[0.7011234232107149, 0.23641400675780938, 0.06246257003147568], [0.01632083690231771, 0.017608846824712126, 0.9660703162729701]]
[[0.7114414946897395, 0.22825232126684683, 0.06030618404341371], [0.015554474386811066, 0.016782004412860003, 0.9676635212003291]]
[[0.7019879029570195, 0.23850725794101318, 0.05950483910196728], [0.014714397812817363, 0.015875630566897277, 0.9694099716202853]]
[[0.7122883769808961, 0.23026350596146478, 0.05744811705763909], [0.014021191392569729, 0.015127717592513338, 0.9708510910149168]]
[[0.702741252766792, 0.24058063334723434, 0.05667811388597371], [0.0132615660465434, 0.014308144034955941, 0.9724302899185006]]
[[0.6929059671377711, 0.25120916319920067, 0.055884869663028226], [0.012541989620951271, 0.013531779983727276, 0.9739262303953214]]
[[0.7033877127496411, 0.2426348821573869, 0.053977405092972046], [0.011948504558758835, 0.012891458190460824, 0.9751600372507805]]
[[0.6934605079407656, 0.2533238926471079, 0.053215599412126585], [0.011298454293296713, 0.01219010717388027, 0.976511438532823]]
[[0.7039314134344434, 0.24467074808364692, 0.05139783848190973], [0.010762461298494628, 0.011611814614431414, 0.977625724087074]]
[[0.7141920619117353, 0.2361913596828565, 0.04961657840540803], [0.01025134060987826, 0.011060357237052138, 0.9786883021530697]]
[[0.7242364181296781, 0.2278907149627572, 0.04787286690756471], [0.00976398958788584, 0.0105345453839288, 0.9797014650281854]]
[[0.7146278520536071, 0.2381344183964885, 0.04723772954990435], [0.009230447683878875, 0.009958897350776177, 0.980810654965345]]
[[0.7047264936654477, 0.24869026805359654, 0.046583238280955785], [0.008725520744609274, 0.009414122521857539, 0.9818603567335332]]
[[0.6945357608772704, 0.25955462009406, 0.045909619028669565], [0.008247731622533809, 0.00889862717590835, 0.9828536412015578]]
[[0.6840602519471507, 0.2707225723096137, 0.04521717574323562], [0.007795673276475135, 0.008410893230693231, 0.9837934334928317]]
[[0.6947108951868655, 0.26159624505140094, 0.043692859761733566], [0.007423224386718273, 0.008009051371172454, 0.9845677242421091]]
[[0.7051572492247186, 0.2526449692027178, 0.04219778157256362], [0.007068303965300537, 0.007626121293927477, 0.9853055747407721]]
[[0.7153925910814012, 0.24387450555264903, 0.04073290336594968], [0.006730111909370981, 0.007261239753486842, 0.9860086483371422]]
[[0.7254109776429151, 0.2352899466389939, 0.03929907571809115], [0.006407882313081507, 0.006913580400145447, 0.986678537286773]]
[[0.7154786268942608, 0.245760381613225, 0.038760991492514205], [0.006055374535789427, 0.006533253368387996, 0.9874113720958225]]
[[0.7052525617109731, 0.2565404429756746, 0.03820699531335246], [0.0057220249763392595, 0.006173596485191663, 0.9881043785384691]]
[[0.7154859298293373, 0.24763358765079796, 0.03688048251986462], [0.005447506995125153, 0.005877414058349205, 0.9886750789465256]]
[[0.7255022914880818, 0.23891560905917716, 0.035582099452741184], [0.005186015496808191, 0.005595286140069846, 0.989218698363122]]
[[0.7352964848357297, 0.23039099994101003, 0.03431251522326024], [0.004936945821706658, 0.005326560352060722, 0.9897364938262326]]
[[0.7448641114577578, 0.2220635885609861, 0.033072299981256076], [0.004699720111924099, 0.005070613232960997, 0.9902296666551148]]
[[0.7542015211987653, 0.213936551918671, 0.03186192688256372], [0.004473786243056545, 0.004826849085741416, 0.990699364671202]]
[[0.7633057928831547, 0.206012432528721, 0.030681774588124235], [0.004258616786855631, 0.004594698858502735, 0.9911466843546417]]
[[0.7721747113743882, 0.19829315838790518, 0.029532130237706556], [0.004053708005173484, 0.004373619059024627, 0.991572672935802]]
[[0.7808067414243571, 0.19078006573592826, 0.028413192839714753], [0.0038585788753462856, 0.004163090703234333, 0.9919783304214194]]
[[0.7892009987679788, 0.18347392421393535, 0.027325077018086025], [0.0036727701470244704, 0.003962618297603666, 0.9923646115553718]]
[[0.7973572189144946, 0.1763749640277487, 0.026267817057756777], [0.0034958434303269366, 0.003771728855342057, 0.992732427714331]]
[[0.8052757240768603, 0.16948290473165897, 0.025241371191480576], [0.0033273803150827663, 0.00358997094613048, 0.9930826487387867]]
[[0.8129573886649398, 0.1627969852622452, 0.024245626072814955], [0.0031669815208251666, 0.0034169137790345024, 0.9934161047001403]]
[[0.8204036037477921, 0.15631599486946735, 0.02328040138274055], [0.003014266077117324, 0.0032521463181429924, 0.9937335876047397]]
[[0.8276162408660667, 0.15003830461340978, 0.022345454520523538], [0.002868870533717261, 0.00309527643040066, 0.9940358530358822]]
[[0.8345976155482299, 0.14396189911880106, 0.021440485332969127], [0.0027304482000273522, 0.002945930065036354, 0.9943236217349364]]
[[0.8413504508548706, 0.13808440830509427, 0.020565140840035277], [0.002598668413222833, 0.0028037504639336396, 0.9945975811228435]]
[[0.8478778412444252, 0.13240313883679253, 0.019719019918782017], [0.0024732158344113226, 0.002668397402244548, 0.9948583867633441]]
[[0.8541832170220228, 0.1269151050662439, 0.018901677911733427], [0.002353789772141207, 0.0025395464585105075, 0.9951066637693482]]
[[0.8478346387092383, 0.13340416703648536, 0.018761194254276393], [0.002223259341184877, 0.002398714810082768, 0.9953780258487323]]
[[0.8541414971534792, 0.1278749112963218, 0.01798359155019887], [0.0021158497533122107, 0.0022828286584304198, 0.9956013215882574]]
[[0.8602300463445677, 0.122537048418674, 0.017232905236758207], [0.0020136074891661457, 0.00217251762602839, 0.9958138748848054]]
[[0.8661042833883816, 0.11738707411994106, 0.016508642491677432], [0.001916286014871454, 0.0020675157230091263, 0.9960161982621195]]
[[0.871768440441347, 0.11242127804647846, 0.01581028151217463], [0.0018236503644219778, 0.0019675694402887375, 0.9962087801952892]]
[[0.8772269534735744, 0.1076357711601205, 0.01513727536630526], [0.0017354766152816517, 0.001872437183783429, 0.9963920862009349]]
[[0.8824844324617369, 0.10302651187023862, 0.014489055668024385], [0.0016515513860023393, 0.0017818887323802787, 0.9965665598816175]]
[[0.8875456330975771, 0.0985893308370426, 0.013865036065380237], [0.0015716713551056133, 0.0016957047188500675, 0.9967326239260443]]
[[0.892415430074123, 0.09431995439169283, 0.013264615534183991], [0.001495642800483529, 0.0016136761328984228, 0.996890681066618]]
[[0.8970987919899943, 0.09021402653782767, 0.012687181472177964], [0.0014232811585835191, 0.0015356038455624104, 0.997041114995854]]
[[0.9016007578925861, 0.08626712951627542, 0.012132112591138326], [0.0013544106026544464, 0.0014612981541725536, 0.997184291243173]]
[[0.9059264154634915, 0.08247480293000979, 0.011598781606498786], [0.0012888636393443057, 0.0013905783471147802, 0.9973205580135409]]
[[0.9100808808341754, 0.07883256143985223, 0.011086557725972309], [0.0012264807229547896, 0.001323272287642682, 0.9974502469894025]]
[[0.9140692800066318, 0.07533591105308096, 0.01059480894028734], [0.0011671098866737385, 0.0012592160160075168, 0.9975736740973187]]
[[0.9178967318423934, 0.0719803640370528, 0.010122904120553753], [0.0011106063901231138, 0.001198253369191329, 0.9976911402406855]]
[[0.9215683325737712, 0.06876145249828243, 0.009670214927946404], [0.0010568323825774482, 0.0011402356175472287, 0.9978029319998754]]
[[0.9250891417833872, 0.06567474067425752, 0.009236117542355255], [0.0010056565812255264, 0.0010850211176700862, 0.9979093223011044]]
[[0.9284641697918617, 0.06271583599072049, 0.008819994217417856], [0.0009569539638662168, 0.0010324749808404937, 0.9980105710552933]]
[[0.931698366388724, 0.05988039894133692, 0.008421234669939038], [0.0009106054754477737, 0.0009824687564046984, 0.9981069257681475]]
[[0.9284183168959139, 0.06319009543955616, 0.008391587664529946], [0.0008599636694773294, 0.0009278303938257728, 0.998212205936697]]
[[0.9316544339416793, 0.060333351421981964, 0.008012214636338747], [0.0008183047387777177, 0.0008828838182327904, 0.9982988114429895]]
[[0.9347545316649937, 0.05759668105446156, 0.007648787280544739], [0.0007786606049969359, 0.0008401110435630647, 0.99838122835144]]
[[0.9315888026995571, 0.06078831413335712, 0.007622883167085826], [0.0007353454542237529, 0.0007933775421060422, 0.9984712770036701]]
[[0.9346916687170144, 0.05803119246868929, 0.007277138814296299], [0.0006997145645868566, 0.0007549347293018024, 0.9985453507061113]]
[[0.9315023533681671, 0.0612453385625758, 0.007252308069257151], [0.0006607849631721266, 0.0007129328765560201, 0.9986262821602718]]
[[0.9346088651636311, 0.058467734133558574, 0.006923400702810244], [0.0006287621446266914, 0.0006783828770653665, 0.998692854978308]]
[[0.9375839303756119, 0.055807659151233174, 0.0066084104731548585], [0.0005982892761369952, 0.000645505146789877, 0.998756205577073]]
[[0.94043226755957, 0.05326089464544623, 0.006306837794983683], [0.0005692915207417124, 0.0006142189427752108, 0.998816489536483]]
[[0.9431585020774903, 0.05082330497249818, 0.006018192950011574], [0.0005416976375714948, 0.0005844474019558573, 0.9988738549604727]]
[[0.9457671604279344, 0.04849084288477456, 0.005741996687291087], [0.0005154398106858037, 0.000556117356484091, 0.99892844283283]]
[[0.9482626654969294, 0.04625955377703758, 0.005477780726033024], [0.00049045348590119, 0.000529159157681045, 0.9989803873564177]]
[[0.9506493326600756, 0.044125579171621805, 0.005225088168302541], [0.0004666772152527463, 0.0005035065082233517, 0.999029816276524]]
[[0.9529313666682446, 0.042085159503004205, 0.0049834738287513405], [0.0004440525087450811, 0.0004790963021945807, 0.9990768511890603]]
[[0.9551128592515845, 0.04013463626011776, 0.004752504488297685], [0.00042252369306333806, 0.0004558684726459968, 0.9991216078342907]]
[[0.9571977873791908, 0.038270453542422124, 0.00453175907838701], [0.0004020377769284969, 0.0004337658463259526, 0.9991641963767455]]
[[0.9591900121146396, 0.03648915908319623, 0.004320828802164145], [0.00038254432279446267, 0.00041273400525155196, 0.999204721671954]]
[[0.9610932780105941, 0.03478740479083555, 0.0041193171985705], [0.000363995324597254, 0.00039272115481003297, 0.9992432835205927]]
[[0.9629112129887824, 0.03316194685616605, 0.003926840155051551], [0.00034634509127897127, 0.00037367799809066556, 0.9992799769106303]]
[[0.9610309032999828, 0.035049924620163424, 0.003919172079853846], [0.0003270623090948157, 0.00035287345480239433, 0.9993200642361029]]
[[0.9628516401146747, 0.03341230164420964, 0.0037360582411155733], [0.000311201808329228, 0.0003357612729813259, 0.9993530369186895]]
[[0.9645904418241097, 0.031848373454796915, 0.003561184721093317], [0.0002961099700403214, 0.00031947841504191825, 0.9993844116149176]]
[[0.9662507082789454, 0.030355082128612595, 0.003394209592442035], [0.0002817495866515193, 0.000303984737055243, 0.9994142656762932]]
[[0.9678357247211866, 0.02892947282465754, 0.003234802454156028], [0.00026808524739753035, 0.0002892420337046432, 0.9994426727188978]]
[[0.9693486631220734, 0.027568692580910808, 0.0030826442970157734], [0.0002550832519554225, 0.0002752139451007328, 0.9994697028029439]]
[[0.9707925837849978, 0.02626998887262153, 0.0029374273423806723], [0.00024271152818917233, 0.00026186586803450025, 0.9994954226037762]]
[[0.9721704371780707, 0.02503070796404405, 0.0027988548578852654], [0.00023093955381540298, 0.00024916487146105226, 0.9995198955747234]]
[[0.9734850659637719, 0.023848293082913353, 0.002666640953314833], [0.00021973828180665977, 0.00023707961601585604, 0.9995431821021775]]
[[0.9747392071957863, 0.022720282444546845, 0.0025405103596666825], [0.00020908006935686538, 0.00022558027737428082, 0.9995653396532688]]
[[0.9759354946556907, 0.021644307150162426, 0.002420198194146702], [0.0001989386102415376, 0.0002146384732738105, 0.9995864229164847]]
[[0.9770764613045662, 0.020618088981826405, 0.0023054497136073865], [0.00018928887041296376, 0.00020422719402650978, 0.9996064839355605]]
[[0.9781645418269055, 0.019639438114390645, 0.0021960200587038633], [0.00018010702667781912, 0.00019432073635719478, 0.999625572236965]]
[[0.9792020752463245, 0.018706250762846936, 0.002091673990828474], [0.00017137040831169314, 0.00018489464041028704, 0.9996437349512779]]
[[0.9801913075945999, 0.017816506781717728, 0.0019921856236822127], [0.00016305744147167178, 0.00017592562977554075, 0.9996610169287529]]
[[0.9811343946174336, 0.01696826723141385, 0.0018973381511525203], [0.00015514759627451434, 0.0001673915543897282, 0.9996774608493357]]
[[0.9820334045020899, 0.016159671924918993, 0.0018069235729912757], [0.00014762133641408007, 0.00015927133617796814, 0.9996931073274079]]
[[0.9828903206136722, 0.015388936966703896, 0.0017207424196239382], [0.00014046007119750605, 0.00015154491730468822, 0.9997079950114979]]
[[0.9837070442283037, 0.014654352294426132, 0.0016386034772701678], [0.00013364610988522916, 0.0001441932109102472, 0.9997221606792045]]
[[0.9844853972528532, 0.01395427923272953, 0.001560323514417388], [0.00012716261822528883, 0.000137198054215006, 0.9997356393275598]]
[[0.985227124922123, 0.01328714806731568, 0.0014857270105611087], [0.00012099357707745203, 0.00013054216387814598, 0.9997484642590443]]
[[0.9859338984655779, 0.012651455646413309, 0.0014146458880087928], [0.0001151237430275816, 0.00012420909350379712, 0.9997606671634687]]
[[0.9866073177367485, 0.012045763015814417, 0.0013469192474370522], [0.00010953861089732716, 0.00011818319319206357, 0.9997722781959106]]
[[0.9872489137994317, 0.011468693092773832, 0.0012823931077944294], [0.00010422437805866854, 0.00011244957103733782, 0.999783326050904]]
[[0.9878601514656713, 0.010918928383275467, 0.0012209201510533056], [9.9167910467089e-05, 0.00010699405648087529, 0.999793838033052]]
[[0.9884424317813163, 0.010395208746449438, 0.0011623594722340713], [9.435671033121203e-05, 0.00010180316542897949, 0.9998038401242397]]
[[0.9889970944556741, 0.009896329209273958, 0.0011065763350519794], [8.977888534060583e-05, 9.686406705232234e-05, 0.999813357047607]]
[[0.989525420232419, 0.00942113783410952, 0.001053441933471542], [8.542311937715435e-05, 9.21645521859113e-05, 0.9998224123284369]]
[[0.9900286331995193, 0.008968533641086233, 0.0010028331593944304], [8.127864463891727e-05, 8.769300325301671e-05, 0.999831028352108]]
[[0.9905079030364531, 0.008537464586892746, 0.0009546323766540239], [7.73352151087658e-05, 8.343836564000175e-05, 0.9998392264192513]]
[[0.9909643471974635, 0.008126925601093838, 0.0009087272014426345], [7.358308130328683e-05, 7.939012045245743e-05, 0.9998470267982443]]
[[0.9913990330300162, 0.007735956680728477, 0.000865010289255467], [7.0012966240509e-05, 7.553825858634657e-05, 0.9998544487751732]]
[[0.9918129798279941, 0.007363641043607625, 0.000823379128398202], [6.661604256792106e-05, 7.187325605100812e-05, 0.999861510701381]]
[[0.9922071608194902, 0.0070091033404375384, 0.0007837358400722587], [6.338391079503512e-05, 6.838605048387502e-05, 0.999868230038721]]
[[0.9925825050893409, 0.006671507925636246, 0.0007459869850229455], [6.03085785774e-05, 6.506801879962059e-05, 0.999874623402623]]
[[0.9929398994368038, 0.006350057186485505, 0.0007100433767104979], [5.738244100149886e-05, 6.191095591917722e-05, 0.9998807066030794]]
[[0.9932801901689937, 0.006043989930064393, 0.0006758199009420786], [5.4598261822375746e-05, 5.8907054526671464e-05, 0.9998864946836509]]
[[0.9936041848308748, 0.005752579827241395, 0.0006432353418838769], [5.194915560813337e-05, 5.604888580479896e-05, 0.9998920019585871]]
[[0.9939126538727869, 0.005475133912856871, 0.0006122122143562412], [4.942857074763437e-05, 5.3329381101525314e-05, 0.9998972420481509]]
[[0.9942063322565947, 0.005210991141104377, 0.0005826766023009719], [4.7030273279825685e-05, 5.0741814483250925e-05, 0.9999022279122369]]
[[0.9944859210016856, 0.004959520995015953, 0.0005545580032983494], [4.4748331505093476e-05, 4.827978613172289e-05, 0.9999069718823632]]
[[0.9947520886721276, 0.004720122148870496, 0.0005277891790018558], [4.257710134095212e-05, 4.593720654402233e-05, 0.9999114856921151]]
[[0.995005472806375, 0.00449222118227442, 0.0005023060113507271], [4.05112123861754e-05, 4.370828149690284e-05, 0.9999157805061168]]
[[0.9952466812909778, 0.004275271344607944, 0.000478047364414233], [3.854555465919862e-05, 4.158749773861221e-05, 0.9999198669476023]]
[[0.9954762936797962, 0.004068751368487208, 0.0004549549517167504], [3.667526597825894e-05, 3.9569609373096905e-05, 0.9999237551246486]]
[[0.9956948624602505, 0.0038721643308604033, 0.0004329732088891232], [3.4895719952302253e-05, 3.764962490317389e-05, 0.9999274546551445]]
[[0.9959029142681767, 0.0036850365603341554, 0.00041204917148934323], [3.320251455317177e-05, 3.5822794900857645e-05, 0.9999309746905459]]
[[0.9961009510528526, 0.0035069165893131435, 0.00039213235783410545], [3.159146124101006e-05, 3.408460027455929e-05, 0.9999343239384845]]
[[0.9962894511937873, 0.0033373741495304533, 0.0003731746566821786], [3.0058574616154744e-05, 3.243074110432923e-05, 0.9999375106842795]]
[[0.996468870570842, 0.0031759992095473882, 0.0003551302196106683], [2.8600062572093314e-05, 3.085712601770164e-05, 0.9999405428114103]]
[[0.9966396435892652, 0.0030224010528086646, 0.00033795535792605525], [2.72123169252656e-05, 2.935986208001839e-05, 0.9999434278209948]]
[[0.9968021841611956, 0.002876207394851111, 0.00032160844395325494], [2.5891904498667798e-05, 2.7935245174367844e-05, 0.9999461728503269]]
[[0.9969568866451715, 0.0027370635382806584, 0.0003060498165478085], [2.4635558637321413e-05, 2.657975084747044e-05, 0.9999487846905152]]
[[0.9971041267451685, 0.0026046315641528256, 0.00029124169067859773], [2.3440171134726916e-05, 2.5290025598983186e-05, 0.9999512698032663]]
[[0.9972442623706534, 0.002478589558415446, 0.0002771480709311093], [2.2302784550428103e-05, 2.4062878592780575e-05, 0.9999536343368567]]
[[0.9973776344591171, 0.002358630872098661, 0.000263734668784212], [2.1220584899770842e-05, 2.2895273769802747e-05, 0.9999558841413303]]
[[0.9975045677625178, 0.0022444634139656555, 0.0002509688235165918], [2.0190894697851902e-05, 2.178432234304579e-05, 0.9999580247829591]]
[[0.9976253715990299, 0.00213580897436785, 0.00023881942660237103], [1.9211166340521997e-05, 2.07272756562059e-05, 0.9999600615580033]]
[[0.997740340571461, 0.002032402579079982, 0.0002272568494589839], [1.8278975806133742e-05, 1.9721518388381093e-05, 0.9999619995058056]]
[[0.9978497552536627, 0.001933991871923269, 0.00021625287441404516], [1.7392016662512257e-05, 1.876456208808312e-05, 0.9999638434212494]]
[[0.9979538828462198, 0.001840336525018491, 0.00020578062876170855], [1.654809436437544e-05, 1.7854039020620823e-05, 0.999965597866615]]
[[0.3333333333333333, 0.3333333333333333, 0.3333333333333333], [0.3333333333333333, 0.3333333333333333, 0.3333333333333333]]
[[0.32669062397909177, 0.32669062397909177, 0.34661875204181636], [0.32669062397909177, 0.34661875204181636, 0.32669062397909177]]
[[0.3235198964736331, 0.33322549336784213, 0.3432546101585247], [0.3233284726286281, 0.3533430547427437, 0.3233284726286281]]
[[0.3172820351738864, 0.3460817255066201, 0.33663623931949344], [0.317275995215478, 0.3467287258513308, 0.33599527893319114]]
[[0.32158700031843424, 0.34389946307582203, 0.3345135366057438], [0.3215809170100542, 0.3445424250353897, 0.3338766579545562]]
[[0.31640082276621795, 0.33835345632226227, 0.34524572091151967], [0.3321052451882638, 0.3391975318221745, 0.3286972229895618]]
[[0.3272565090624246, 0.33298033841721314, 0.33976315252036227], [0.3266297680061078, 0.3336051228715628, 0.3397651091223294]]
[[0.33830033077612087, 0.3275141012240134, 0.33418556799986554], [0.32116550269960714, 0.34475339765910334, 0.3340810996412895]]
[[0.3350087282995838, 0.33405727026191845, 0.3309340014384977], [0.31787781895584233, 0.351460978593436, 0.33066120245072156]]
[[0.32966299036571634, 0.32872671475434256, 0.3416102948799411], [0.3283396100084697, 0.3460705787158539, 0.3255898112756763]]
[[0.3407468893114679, 0.3232912790932654, 0.3359618315952667], [0.32264505401968535, 0.3574119995761635, 0.3199429464041513]]
[[0.3373468196491034, 0.32006538648901256, 0.34258779386188415], [0.3195776555183413, 0.354014070433275, 0.3264082740483838]]
[[0.3339149639242549, 0.3168093361426933, 0.34927569993305174], [0.3164786183308635, 0.35058109334548815, 0.3329402883236485]]
[[0.3277880317096884, 0.32934505133761915, 0.34286691695269234], [0.3103816436491749, 0.3438271329633321, 0.345791223387493]]
[[0.3245810567655781, 0.33590652829358303, 0.3395124149408389], [0.30721280075438445, 0.3505263330288285, 0.3422608662167871]]
[[0.3179952924354293, 0.32909096963361567, 0.3529137379309551], [0.3007814596075476, 0.36412272845220206, 0.3350958119402503]]
[[0.31129384019833345, 0.322155686416783, 0.3665504733848835], [0.2942458225120929, 0.37793961427191575, 0.32781456321599134]]
[[0.3220568559602903, 0.31712107669047185, 0.3608220673492378], [0.2894073533111168, 0.37172491539234775, 0.3388677312965355]]
[[0.3161417975538885, 0.32966317489804653, 0.3541950275480651], [0.2837345919605045, 0.36443862252877135, 0.35182678551072416]]
[[0.31281784183074546, 0.3261970536657691, 0.3609851045034854], [0.2807711080680287, 0.3606322202843442, 0.358596671647627]]
[[0.30978630047630373, 0.3327269289586946, 0.35748677056500155], [0.2777659673423656, 0.3674754819244801, 0.35475855073315443]]
[[0.31403634334542807, 0.3306781378194252, 0.3552855188351467], [0.2817560418985627, 0.3654453164875819, 0.3527986416138555]]
[[0.310724466249244, 0.32719075371863554, 0.36208478003212047], [0.2788051792432053, 0.36161796666490553, 0.35957685409188905]]
[[0.30770412788350776, 0.3337306686596612, 0.35856520345683096], [0.2758130110362853, 0.36846915368086836, 0.35571783528284634]]
[[0.30176239333065563, 0.34659625981945663, 0.3516413468498878], [0.2701434159981535, 0.3608949247582928, 0.3689616592435537]]
[[0.312345317787814, 0.34134303083298073, 0.3463116513792053], [0.2652611150992267, 0.37244546827915587, 0.3622934166216174]]
[[0.3061791036970275, 0.35434601071767174, 0.33947488558530065], [0.25970973851787144, 0.3646509408013408, 0.3756393206807877]]
[[0.3168466352276219, 0.34889792280015186, 0.3342554419722263], [0.2549680472641055, 0.376250925824172, 0.3687810269117225]]
[[0.3277102846718153, 0.3433496741629355, 0.32894004116524916], [0.2502611769977871, 0.36930509745689377, 0.3804337255453191]]
[[0.32436912368405224, 0.35004453408619324, 0.3255863422297545], [0.24751887750243337, 0.3762160947346753, 0.3762650277628912]]
[[0.31805235990952274, 0.34322776741224353, 0.3387198726782336], [0.2419659567760939, 0.390210270093162, 0.36782377313074416]]
[[0.3116138224591658, 0.3362795880775114, 0.35210658946332263], [0.23634038754223052, 0.4043875303548778, 0.35927208210289174]]
[[0.3083565908330629, 0.33276453055902644, 0.35887887860791085], [0.23382023506157965, 0.40007545213428153, 0.3661043128041387]]
[[0.30507207312809875, 0.3292200271344283, 0.365707899737473], [0.23128005627949447, 0.395729108138532, 0.3729908355819735]]
[[0.3002288470191518, 0.3398691142325356, 0.35990203874831267], [0.23989412542257588, 0.39129467408061375, 0.36881120049681043]]
[[0.29719858838953844, 0.34653192273055966, 0.35626948887990195], [0.23711072055891227, 0.39835726205235944, 0.36453201738872826]]
[[0.3076919895251767, 0.3413579170848066, 0.3509500933900168], [0.23238944537622538, 0.4103369857899466, 0.357273568833828]]
